10 15 1
7 1 1 3 2 3 1 4 3 1 5 2 1 8 10 2 10 2 9 4 2 11 5 12 3 1 13 1 
5 2 2 1 1 3 2 4 4 3 5 3 7 7 8 10 6 9 1 9 4 1 11 5 
6 2 2 5 1 1 1 4 4 1 5 1 1 6 7 1 9 2 2 11 2 12 1 
7 1 1 5 1 4 5 1 5 3 1 8 6 2 10 2 9 2 1 11 5 1 15 1 
6 2 2 1 1 5 2 4 5 3 4 1 5 2 1 6 8 2 10 4 9 1 2 12 2 11 2 
7 2 1 1 2 3 1 4 3 1 5 4 1 8 10 2 10 3 9 5 1 12 5 1 15 1 
5 2 2 3 1 5 1 3 2 3 7 9 8 8 6 9 2 10 4 9 5 2 11 3 12 2 
7 2 2 2 1 1 2 3 3 4 4 1 5 1 3 8 9 7 6 6 10 2 9 3 10 1 2 12 1 11 5 3 15 1 14 2 13 1 
7 2 1 5 2 1 1 4 2 1 5 3 3 7 9 6 8 8 8 2 10 4 9 3 1 11 2 2 15 2 14 4 
5 1 2 1 2 4 2 3 4 3 7 9 6 9 8 6 1 10 4 2 11 4 12 5 
