10 15 1
5 1 1 4 2 4 2 3 1 1 7 6 2 10 1 9 5 1 12 4 
7 1 1 1 1 4 2 1 5 3 1 8 9 1 10 2 2 12 2 11 5 1 15 3 
6 1 2 5 1 4 5 1 5 1 1 8 8 1 10 3 2 12 2 11 4 
7 1 1 5 1 4 1 1 5 3 3 8 9 7 8 6 10 2 10 3 9 4 2 12 5 11 3 3 13 3 14 3 15 3 
5 2 2 1 1 3 2 4 5 3 2 2 6 9 8 10 1 10 5 2 11 4 12 3 
7 2 1 4 2 1 2 4 1 3 4 1 5 3 3 7 10 6 7 8 10 2 9 2 10 1 2 12 3 11 4 1 13 3 
6 1 2 5 2 4 3 3 1 1 5 5 3 8 10 7 9 6 7 2 9 3 10 1 1 11 1 
5 2 1 3 2 4 2 3 5 4 2 2 7 8 6 9 2 9 5 10 2 2 11 1 12 1 
6 1 2 5 1 3 4 1 5 3 1 6 10 1 10 3 2 12 2 11 4 
5 1 1 3 1 3 1 2 8 9 6 10 1 10 5 2 11 5 12 3 
